                                                                       
     0     10       0.2000000D+00       0.0000000D+00
      0.1000000D-02       0.1000000D+08       0.0000000D+00       0.1000000D+01       0.0000000D+00
      0.1000000D-01     50       0.1000000D-01       0.1000000D-01      0       0.1000000D-03     10
     4      1      1      0      0      2
     0     10      1
     9      4
     6      5
     1         0.0000000D+00       0.0000000D+00
     2         0.5000000D+01       0.0000000D+00
     3         0.1000000D+02       0.0000000D+00
     4         0.0000000D+00       0.5000000D+01
     5         0.5000000D+01       0.5000000D+01
     6         0.1000000D+02       0.5000000D+01
     7         0.0000000D+00       0.1000000D+02
     8         0.5000000D+01       0.1000000D+02
     9         0.1000000D+02       0.1000000D+02
     1      412        1      2      5      4
     2      412        2      3      6      5
     3      412        4      5      8      7
     4      412        5      6      9      8
     1
     3
     6
     9
     8
     7
     1       3.
     2       2.
     3       2.
     4       1.
     7       1.
     9
     1         0.0000000D+00       0.0000000D+00
     2         0.0000000D+00       0.0000000D+00
     3         0.0000000D+00       0.0000000D+00
     4         0.0000000D+00       0.0000000D+00
     5         0.0000000D+00       0.0000000D+00
     6         0.0000000D+00       0.0000000D+00
     7         0.0000000D+00       0.0000000D+00
     8         0.0000000D+00       0.0000000D+00
     9         0.0000000D+00       0.0000000D+00
     1  0.1000000D+01  0.0000000D+00  0.0000000D+00  0.0000000D+00  0.0000000D+00  0.0000000D+00  0.0000000D+00  0.0000000D+00
     2  0.1000000D+01  0.0000000D+00  0.0000000D+00  0.0000000D+00  0.0000000D+00  0.0000000D+00  0.0000000D+00  0.0000000D+00
     3  0.1000000D+01  0.0000000D+00  0.0000000D+00  0.0000000D+00  0.0000000D+00  0.0000000D+00  0.0000000D+00  0.0000000D+00
     4  0.1000000D+01  0.0000000D+00  0.0000000D+00  0.0000000D+00  0.0000000D+00  0.0000000D+00  0.0000000D+00  0.0000000D+00
     1      0.0000000D+00
     2      0.0000000D+00
     3      0.0000000D+00
     4      0.0000000D+00
     5      0.0000000D+00
     6      0.0000000D+00
     7      0.0000000D+00
     8      0.0000000D+00
     9      0.0000000D+00
 compatible with version 5.25 of i-form
